>sd_dd
File 16060900.csv:
Time,Temp,Depth,Cond,Light,Head,AccelX,AccelY,AccelZ,GyroX,GyroY,GyroZ
11:50:19,21.97,704,1023,2015,0,0,0,0,0,0,0
11:50:19,21.97,704,1022,2018,0,0,0,0,0,0,0
11:50:19,22.95,703,1023,2026,0,0,0,0,0,0,0
11:50:19,21.97,703,1023,2035,0,0,0,0,0,0,0
11:50:19,21.97,703,1023,2040,0,0,0,0,0,0,0
11:50:19,22.46,704,1023,2039,0,0,0,0,0,0,0
11:50:19,21.97,703,1023,2037,0,0,0,0,0,0,0
11:50:19,21.97,703,1023,2036,0,0,0,0,0,0,0
11:50:20,21.97,703,1023,2033,0,0,0,0,0,0,0
11:50:20,21.97,704,1023,2029,0,0,0,0,0,0,0
11:50:20,21.97,704,1023,2026,0,0,0,0,0,0,0
11:50:20,21.48,703,1023,2029,0,0,0,0,0,0,0
11:50:20,21.48,703,1023,2026,0,0,0,0,0,0,0
11:50:20,21.97,704,1023,2035,0,0,0,0,0,0,0
U+1F4A9,
File 16060901.csv:
Time,Temp,Depth,Cond,Light,Head,AccelX,AccelY,AccelZ,GyroX,GyroY,GyroZ
11:50:21,21.97,704,1023,2246,0,0,0,0,0,0,0
11:50:22,21.97,703,1023,2186,0,0,0,0,0,0,0
11:50:22,21.97,703,1023,2211,0,0,0,0,0,0,0
11:50:22,21.48,703,1023,2268,0,0,0,0,0,0,0
11:50:22,21.97,704,1023,2281,0,0,0,0,0,0,0
11:50:22,21.97,703,1023,2260,0,0,0,0,0,0,0
11:50:22,21.48,703,1023,2230,0,0,0,0,0,0,0
11:50:22,21.48,703,1023,2217,0,0,0,0,0,0,0
11:50:22,21.97,703,1023,2238,0,0,0,0,0,0,0
11:50:22,21.97,703,1023,2252,0,0,0,0,0,0,0
11:50:22,21.97,704,1023,2235,0,0,0,0,0,0,0
11:50:23,21.48,704,1023,2213,0,0,0,0,0,0,0
U+1F4A9,
>